Familiars
Creature
Size
CR
AC
HP
Str
Dex
Con
Int
Wis
Cha
;;
Bat
T
0
12
1 (1d4-1)
2 (-4)
15 (+2)
8 (-1)
2 (-4)
12 (+1)
4 (-3)
Cat
T
0
12
2 (1d4)
3 (-4)
15 (+2)
10 (0)
3 (-4)
12 (+1)
7 (-2)
Crab
T
0
11
2 (1d4)
2 (-4)
11 (0)
10 (0)
1 (-5)
8 (-1)
2 (-4)
Frog / Toad
T
0
11
1 (1d4 - 1)
1 (-5)
13 (+1)
8 (-1)
1 (-5)
8 (-1)
3 (-4)
Hawk (Falcon)
T
0
13
1 (1d4 - 1)
5 (-3)
16 (+3)
8 (-1)
2 (-4)
14 (+2)
6 (-2)
Lizard
T
0
10
2 (1d4)
2 (-4)
11 (0)
10 (0)
1 (-5)
8 (-1)
3 (-4)
Octopus
S
0
12
3 (1d6)
4 (-3)
15 (+2)
11 (0)
3 (-4)
10 (0)
4 (-3)
Owl
T
0
11
1 (1d4 - 1)
3 (-4)
13 (+1)
8 (-1)
2 (-4)
12 (+1)
7 (-2)
Quipper (Fish)
T
0
13
1 (1d4 - 1)
2 (-4)
16 (+3)
9 (-1)
1 (-5)
7 (-2)
2 (-4)
Rat
T
0
10
1 (1d4 - 1)
2 (-4)
11 (0)
9 (-1)
2 (-4)
10 (0)
4 (-3)
Raven
T
0
12
1 (1d4 - 1)
2 (-4)
14 (+2)
8 (-1)
2 (-4)
12 (+1)
6 (-2)
Sea Horse
T
0
11
1 (1d4 - 1)
1 (-5)
12 (+1)
8 (-1)
1 (-5)
10 (0)
2 (-4)
Snake, Poisonous
T
1/8
13
2 (1d4)
2 (-4)
16 (+3)
11 (0)
1 (-5)
10 (0)
3 (-4)
Spider
T
0
12
1 (1d4 - 1)
2 (-4)
14 (+2)
8 (-1)
1 (-5)
10 (0)
2 (-4)
Tressym
T
0
12
5 (2d4)
3 (-4)
15 (+2)
10 (0)
11 (0)
12 (+1)
12 (+1)
Weasel
T
0
13
1 (1d4 - 1)
3 (-4)
16 (+3)
8 (-1)
2 (-4)
12 (+1)
3 (-4)